8592,8624,8688,8752
8592,8624,8688,8752
8592,8624,8688,8752
8192,8112,8416,8368
8192,8112,8416,8368
8192,8112,8416,8368
8192,8112,8416,8368
8176,8144,8432,8368
8176,8144,8432,8368
8176,8144,8432,8368
8176,8144,8432,8368
8560,8432,8800,8688
8560,8432,8800,8688
8560,8432,8800,8688
8560,8432,8800,8688
8208,8192,8608,8448
8208,8192,8608,8448
8208,8192,8608,8448
8208,8192,8608,8448
8304,8208,8656,8512
8304,8208,8656,8512
8304,8208,8656,8512
8304,8208,8656,8512
8256,8208,8656,8464
8256,8208,8656,8464
8256,8208,8656,8464
8256,8208,8656,8464
8032,7920,8368,8176
8032,7920,8368,8176
8032,7920,8368,8176
8032,7920,8368,8176
8272,8096,8560,8432
8272,8096,8560,8432
8272,8096,8560,8432
8272,8096,8560,8432
8496,8336,8752,8528
8496,8336,8752,8528
8496,8336,8752,8528
8496,8336,8752,8528
8304,8160,8496,8240
8304,8160,8496,8240
8304,8160,8496,8240
8304,8160,8496,8240
8224,7952,8352,8080
8224,7952,8352,8080
8224,7952,8352,8080
8224,7952,8352,8080
8720,8416,8688,8512
8720,8416,8688,8512
8720,8416,8688,8512
8720,8416,8688,8512
8672,8416,8544,8352
8672,8416,8544,8352
8672,8416,8544,8352
8672,8416,8544,8352
8640,8400,8384,8240
8640,8400,8384,8240
8640,8400,8384,8240
8640,8400,8384,8240
8576,8448,8320,8208
